camera_pos: 12.6 3.5 2 
camera_fwd: 0.954521 0.232903 0.186132 
camera_up: -0.228598 0.9725 -0.0445765 
camera_fov_ha: 15
film_resolution: 640 480
output_image: amogus.png
background: 0 0 0 
max_depth: 5

material: 0.305000 0.329000 0.366000 0.244000 0.280000 0.305000 0.171000 0.195000 0.159000 0.000000 0.000000 0.000000 0.000000 0.000000
sphere: 0.000000 -300.000000 0.000000 300.000000
material: 0.293000 0.000000 0.000000 0.354000 0.000000 0.000000 0.146000 0.000000 0.000000 1.844000 0.000000 0.000000 0.000000 0.000000
sphere: 0.000000 1.900000 0.000000 1.500000
material: 0.305000 0.000000 0.000000 0.305000 0.000000 0.000000 0.146000 0.000000 0.000000 1.844000 0.000000 0.000000 0.000000 0.000000
sphere: 0.000000 0.400000 0.840000 0.550000
material: 0.305000 0.000000 0.000000 0.305000 0.000000 0.000000 0.146000 0.000000 0.000000 0.000000 0.000000 0.000000 0.000000 0.000000
sphere: 0.000000 0.400000 -0.840000 0.550000
material: 0.622000 0.622000 0.622000 0.646000 0.646000 0.646000 0.561000 0.561000 0.561000 10.000000 0.000000 0.000000 0.000000 0.000000
sphere: 0.800000 2.300000 0.000000 0.750000
spot_light: 15.000000 14.999849 14.999849 2 7 0.4 0 -1 0 15 30
ambient_light: 0.125000 0.124999 0.124999
point_light: 5.000000 4.999950 4.999950 7.5 3.5 -1.5
