camera_pos: 0 1 5 
camera_fwd: 0 0.39 1 
camera_up: 0 1 0 
camera_fov_ha: 30
film_resolution: 640 480
output_image: dir_light.png
background: 0 0 0 
max_depth: 5

material: 0.476000 0.415000 0.134000 0.476000 0.415000 0.341000 0.244000 0.232000 0.256000 3.156000 0.000000 0.000000 0.000000 0.000000
sphere: 0.000000 0.000000 -3.000000 1.000000
material: 0.317000 0.317000 0.317000 0.341000 0.341000 0.341000 0.134000 0.134000 0.134000 2.376000 0.000000 0.000000 0.000000 0.000000
sphere: 0.000000 -202.000000 0.000000 200.000000
ambient_light: 0.102941 0.102940 0.102940
directional_light: 0.400000 0.399996 0.399996 1 -0.94 -0.45
