camera_pos: 5 3 0 
camera_fwd: 1 0.439 0 
camera_up: 0 1 0 
camera_fov_ha: 30
film_resolution: 640 480
output_image: multi_light_demo
background: 0.0661765 0.0661758 0.0661758 
max_depth: 5

material: 0.476000 0.524000 0.305000 0.439000 0.476000 0.293000 0.122000 0.122000 0.110000 10.000000 0.000000 0.000000 0.000000 0.000000
sphere: 0.000000 1.500000 0.000000 1.000000
material: 0.561000 0.561000 0.561000 0.549000 0.549000 0.549000 0.000000 0.000000 0.000000 0.000000 0.000000 0.000000 0.000000 0.000000
sphere: 0.000000 -300.000000 0.000000 300.000000
point_light: 10.000000 9.999900 9.999900 1 4 1
point_light: 10.000000 0.000000 0.000000 -1 4 0
point_light: 10.050000 6.852264 0.000000 0 4 -1
ambient_light: 0.052336 0.059970 0.088971
