
camera_pos: 2.39051 0.557575 -0.0300094
camera_fwd: -0.896293 -0.140526 0.420608
camera_up: -0.127215 0.990077 0.0596989
camera_fov_ha: 35.507
film_resolution: 200 200
output_image: spheres0.png
background: 0.027451 0.0627451 0.0862745
max_depth: 3


material: 0.117647 0.117647 0.156863 0.117647 0.117647 0.156863 0.392157 0.482353 0.584314 44.5 0.784314 0.784314 0.784314 1.2
sphere: 0 -0.5 0 1

material: 0 0.501961 0.501961 0 0.501961 0.501961 0 0.2 0.2 8 0 0 0 1

vertex: 1.500000 1.500000 1.000000
vertex: 1.500000 -1.500000 1.000000
vertex: -1.500000 -1.500000 1.000000
triangle: 0 1 2
point_light: 10.45 10.45 10.45 0 4 0
ambient_light: 0.243697 0.243695 0.243695
