
camera_pos: 0 0 -60
camera_fwd: 0.149074 0.0699429 -0.986349
camera_up: -0.0104523 0.997551 0.0691575
camera_fov_ha: 3.452
film_resolution: 100 80
output_image: outdoor.png
background: 0 0 1
max_depth: 5


material: 0 0 0 0.2 0.2 0.2 0.1 0.1 0.1 15 0.9 0.9 0.9 1.5
sphere: -10 -5 10 4

material: 0 0 0 0 0 0 0.9 0.9 0.9 15 0 0 0 1
sphere: 10 5 10 8

material: 0 0 0 1 1 1 0 0 0 5 0 0 0 1

vertex: -2000.000000 -10.000000 -2000.000000
vertex: 2000.000000 -10.000000 -2000.000000
vertex: 2000.000000 -10.000000 2000.000000
triangle: 0 1 2

material: 0 0 0 1 1 1 0 0 0 5 0 0 0 1

vertex: -2000.000000 -10.000000 -2000.000000
vertex: 2000.000000 -10.000000 2000.000000
vertex: -2000.000000 -10.000000 2000.000000
triangle: 3 4 5
directional_light: 1 1 1 -1 -1 1
directional_light: 1 0 0 0 -1 0
point_light: 0 100 0 0 -9 10
