camera_pos: 0 2 -10 
camera_fwd: 0 0.1 -0.9 
camera_up: 0 1 0 
camera_fov_ha: 26
film_resolution: 640 480
output_image: spheres2.png
background: 0.05 0.05 0.05 
max_depth: 5

material: 0.750000 0.750000 0.750000 0.750000 0.750000 0.750000 0.300000 0.300000 0.300000 32.000000 0.200000 0.200000 0.200000 1.500000
sphere: 0.000000 -50.000000 0.000000 50.000000
material: 1.000000 0.000000 0.000000 1.000000 0.000000 0.000000 0.300000 0.300000 0.300000 32.000000 0.200000 0.200000 0.200000 1.500000
sphere: -3.000000 1.000000 0.000000 0.750000
material: 0.000000 0.200000 0.000000 0.000000 0.200000 0.000000 0.060000 0.060000 0.060000 16.000000 0.800000 0.800000 0.800000 1.100000
sphere: 0.000000 1.250000 0.000000 1.000000
material: 0.000000 0.000000 1.000000 0.000000 0.000000 1.000000 1.000000 1.000000 1.000000 16.000000 0.000000 0.000000 0.000000 1.000000
sphere: 3.000000 1.500000 0.000000 1.250000
material: 0.000000 0.500000 1.000000 0.000000 0.500000 1.000000 0.200000 0.200000 0.200000 16.000000 0.000000 0.000000 0.000000 1.000000
sphere: 10.000000 1.500000 5.000000 1.250000
material: 0.500000 0.500000 1.000000 0.500000 0.500000 1.000000 0.200000 0.200000 0.200000 16.000000 0.000000 0.000000 0.000000 1.000000
sphere: -10.000000 6.500000 5.000000 1.250000
material: 1.000000 0.100000 0.300000 1.000000 0.100000 0.300000 0.200000 0.200000 0.200000 16.000000 0.000000 0.000000 0.000000 1.000000
sphere: -8.000000 3.500000 3.000000 1.250000
material: 0.000000 1.000000 1.000000 0.000000 1.000000 1.000000 0.200000 0.200000 0.200000 16.000000 0.000000 0.000000 0.000000 1.000000
sphere: 4.000000 4.250000 3.000000 1.000000
material: 0.800000 0.800000 0.800000 0.800000 0.800000 0.800000 0.400000 0.400000 0.400000 16.000000 0.100000 0.100000 0.100000 1.100000
sphere: -4.000000 4.250000 3.000000 1.000000
material: 1.000000 1.000000 0.000000 1.000000 1.000000 0.000000 0.400000 0.400000 0.400000 16.000000 0.100000 0.100000 0.100000 1.100000
sphere: 0.000000 3.200000 -3.000000 1.000000
material: 1.000000 0.000000 1.000000 1.000000 0.000000 1.000000 0.400000 0.400000 0.400000 16.000000 0.100000 0.100000 0.100000 1.100000
sphere: -3.000000 0.200000 -3.000000 1.200000
material: 1.000000 0.500000 1.000000 1.000000 0.500000 1.000000 0.600000 0.600000 0.600000 16.000000 0.300000 0.300000 0.300000 1.300000
sphere: 3.000000 0.200000 -3.000000 1.200000
material: 0.000000 1.000000 1.000000 0.000000 1.000000 1.000000 0.600000 0.600000 0.600000 16.000000 0.300000 0.300000 0.300000 1.300000
sphere: -3.000000 5.000000 10.000000 1.200000
material: 0.000000 0.000000 1.000000 0.000000 0.000000 1.000000 0.600000 0.600000 0.600000 16.000000 0.300000 0.300000 0.300000 1.300000
sphere: 3.000000 1.000000 10.000000 1.200000
material: 0.000000 0.000000 0.000000 0.000000 0.000000 0.000000 1.000000 1.000000 1.000000 16.000000 0.300000 0.300000 0.300000 1.300000
sphere: 3.000000 1.000000 -4.000000 0.600000
material: 0.100000 0.200000 0.100000 0.350000 0.700000 0.350000 0.300000 0.300000 0.300000 16.000000 0.350000 0.700000 0.350000 1.000000
sphere: -3.000000 1.000000 -4.000000 1.000000
point_light: 10.000000 10.000000 10.000000 0 5 0
point_light: 50.000000 50.000000 50.000000 10 5 -5
ambient_light: 0.350000 0.350000 0.350000
