camera_pos: -6 2 -4 
camera_fwd: -0.77 0 -0.64 
camera_up: 0 1 0 
camera_fov_ha: 35
film_resolution: 640 480
output_image: spheres1.png
background: 0.05 0.05 0.05 
max_depth: 5

material: 0.750000 0.750000 0.750000 0.750000 0.750000 0.750000 0.300000 0.300000 0.300000 32.000000 0.200000 0.200000 0.200000 1.500000
sphere: 0.000000 -50.000000 0.000000 50.000000
material: 1.000000 0.000000 0.000000 1.000000 0.000000 0.000000 0.300000 0.300000 0.300000 32.000000 0.200000 0.200000 0.200000 1.500000
sphere: -3.000000 1.000000 0.000000 0.750000
material: 0.000000 0.700000 0.000000 0.000000 0.700000 0.000000 0.000000 0.000000 0.000000 16.000000 0.900000 0.900000 0.900000 1.100000
sphere: 0.000000 1.250000 0.000000 1.000000
material: 0.000000 0.000000 1.000000 0.000000 0.000000 1.000000 0.000000 0.000000 0.000000 16.000000 0.000000 0.000000 0.000000 1.000000
sphere: 3.000000 1.500000 0.000000 1.250000
point_light: 10.000000 10.000000 10.000000 0 5 0
ambient_light: 0.250000 0.250000 0.250000
