
camera_pos: 0.908692 0.858399 -3.46586
camera_fwd: -0.178307 -0.266465 0.947208
camera_up: -0.0492948 0.963845 0.261865
camera_fov_ha: 35.518
film_resolution: 350 350
output_image: spheres0.png
background: 0.027451 0.0627451 0.0862745
max_depth: 3


material: 0.0392157 0.0392157 0.0588235 0.0784314 0.0784314 0.117647 0.196078 0.196078 0.27451 32 0.784314 0.784314 0.784314 1.2
sphere: 0 -0.5 0 1

material: 0 0.501961 0.501961 0 0.501961 0.501961 0 0.2 0.2 8 0 0 0 1

vertex: 1.500000 1.500000 1.100000
vertex: 1.500000 -1.500000 1.100000
vertex: -1.500000 -1.500000 1.100000
triangle: 0 1 2
point_light: 20.3 20.3 20.3 0 4 0
ambient_light: 0.243697 0.243695 0.243695
