camera_pos: 0 1 5 
camera_fwd: 0 0.39 1 
camera_up: 0 1 0 
camera_fov_ha: 30
film_resolution: 640 480
output_image: spot_light.png
background: 0 0 0 
max_depth: 5

material: 0.476000 0.415000 0.134000 0.476000 0.415000 0.341000 0.244000 0.232000 0.256000 3.156000 0.000000 0.000000 0.000000 0.000000
sphere: 0.000000 0.000000 -3.000000 1.000000
material: 0.317000 0.317000 0.317000 0.341000 0.341000 0.341000 0.134000 0.134000 0.134000 2.376000 0.000000 0.000000 0.000000 0.000000
sphere: 0.000000 -202.000000 0.000000 200.000000
spot_light: 10.000000 9.999900 9.999900 1 2.5 -2 0 -1 0 16.596 31.173
ambient_light: 0.102941 0.102940 0.102940
