
camera_pos: 0 0 0
camera_fwd: 0 0 -1
camera_up: 0 1 0
camera_fov_ha: 47.328
film_resolution: 640 480
output_image: raytraced.bmp
background: 0.0588235 0.0588235 0.313726
max_depth: 5


material: 0.5 0.5 0.5 0.5 0.5 0.5 0.2 0.2 0.2 8 0 0 0 0
vertex: -1.000000 0.900000 1.000000
vertex: -1.000000 -0.900000 1.000000
vertex: -0.100000 0.000000 1.000000
triangle: 0 1 2

material: 0.5 0.5 0.5 0.5 0.5 0.5 0.2 0.2 0.2 8 0 0 0 0
vertex: 1.000000 0.900000 1.000000
vertex: 1.000000 -0.900000 1.000000
vertex: 0.100000 0.000000 1.000000
normal: 0.000000 0.000000 -1.000000
normal: 0.000000 0.000000 -1.000000
normal: 0.000000 0.000000 -1.000000
normal_triangle: 3 4 5 0 1 2

material: 0.5 0.5 0.5 0.5 0.5 0.5 0.2 0.2 0.2 8 0 0 0 0
vertex: 0.900000 1.000000 1.000000
vertex: -0.900000 1.000000 1.000000
vertex: 0.000000 0.100000 1.000000
normal: 0.523915 0.000000 -0.851771
normal: -0.500570 0.000000 -0.865696
normal: 0.000000 -0.502261 -0.864716
normal_triangle: 6 7 8 3 4 5

material: 0.5 0.5 0.5 0.5 0.5 0.5 0.2 0.2 0.2 8 0 0 0 0
vertex: 0.900000 -1.000000 1.000000
vertex: -0.900000 -1.000000 1.000000
vertex: 0.000000 -0.100000 1.000000
normal: -0.648980 0.270524 -0.711085
normal: 0.618602 0.288920 -0.730655
normal: 0.000054 0.000000 -1.000000
normal_triangle: 9 10 11 6 7 8
point_light: 0.236994 0.62355 0.657658 0 0 0.6
